Contents of models/linear_constraint_med_with_holding_cost_20_s2_10_202411261708.pkl:
{'alpha': array([0.4340641 , 0.04226074, 2.0744787 ])}

Contents of models/linear_constraint_med_with_holding_cost_20_s3_10_202411261708.pkl:
{'beta': array([[ 0.52353619, -0.4878771 , -0.66118238],
       [-0.55833544,  0.3791888 , -0.71304371],
       [ 1.50958726, -3.26008236, -4.35805208],
       [ 0.59536325,  1.64965378, -3.25638038],
       [ 1.95088368, -3.10655311, -3.91867349],
       [ 2.10002145, -2.00440808, -2.70655977],
       [ 0.807121  ,  2.07377928, -3.17797631],
       [ 0.61603921, -2.68935479, -5.67341152]]), 'tau_values': array([[-6.26324958e-01, -5.66683093e-01, -1.84714842e+00,
        -6.08383462e+00, -2.11291667e+00, -2.50506088e+00,
        -6.79959287e+00, -2.88130093e+00],
       [-8.89168193e-02, -1.43146473e+00, -4.12787650e+00,
        -9.16648578e-01, -2.77342910e+00, -4.47407216e-01,
        -1.30644662e-01, -6.62065336e+00],
       [-1.38487803e+00, -8.27401439e-02, -8.30307545e+00,
        -1.86898512e+00, -7.90742759e+00, -5.65701631e+00,
        -1.46017142e+00, -8.64592551e+00],
       [-1.20534716e+00, -2.26144447e-01, -7.15422977e+00,
        -2.41559180e+00, -6.79959412e+00, -4.92072680e+00,
        -2.14581104e+00, -7.71428039e+00],
       [-4.44922174e-04, -1.25818616e+00, -3.57930263e-01,
        -4.99684176e+00,  0.00000000e+00, -2.58762425e-03,
        -5.35366158e+00, -2.50489743e+00]])}

Contents of models/linear_constraint_med_with_holding_cost_20_s4_10_202411261708.pkl:
{'alpha': array([0.        , 0.        , 2.36647561]), 'beta': array([[ 0.00000000e+00,  0.00000000e+00,  0.00000000e+00],
       [ 1.32596821e+00, -1.07278965e+00, -3.00780897e+00],
       [ 2.46140929e+00, -2.26092943e+00, -3.07359257e+00],
       [-3.10013568e-03,  1.54947265e-02, -1.37973489e+01],
       [ 1.19703022e-01,  3.99042675e+00, -8.48851233e+00],
       [ 7.03676660e-01, -6.15627922e+00, -7.29024807e+00],
       [ 7.29707853e-02, -6.09428893e-02, -8.51699872e-02],
       [-1.88096300e+00,  2.43440917e+00, -8.12876652e+00]]), 'f_values': array([2.36647561, 2.36647561, 2.36647561, 2.36647561, 2.36647561]), 'tau_values': array([[ 0.00000000e+00, -3.13134378e+00, -2.95240628e+00,
        -1.38139501e+01, -1.38155097e+01, -8.94906903e-02,
        -8.94906903e-02, -9.14043175e+00],
       [ 0.00000000e+00, -1.43364451e+00, -3.57930263e-01,
        -1.37910797e+01, -5.21493396e+00, -1.07353130e+01,
         0.00000000e+00, -9.66262495e+00],
       [ 0.00000000e+00, -4.67742302e+00, -6.44313659e+00,
        -1.37804239e+01, -4.54100052e+00, -1.37782422e+01,
        -1.78962474e-01, -4.84527923e+00],
       [ 0.00000000e+00, -4.27818862e+00, -5.61025115e+00,
        -1.37857801e+01, -5.89695025e+00, -1.16636376e+01,
        -1.56342979e-01, -5.72241617e+00],
       [ 0.00000000e+00, -1.51844493e+00, -4.23856969e-03,
        -1.38155106e+01, -1.29741672e+01, -1.84556890e-01,
        -1.05379330e-03, -1.12730805e+01]])}

Contents of models/linear_constraint_med_with_holding_cost_20_s5_10_202411261708.pkl:
{'alpha': array([0.28006172, 0.62416504, 1.58832655]), 'beta': array([[-0.17896247],
       [-5.72595584],
       [-0.08500565],
       [-5.72595587],
       [-0.35742265],
       [-0.04630399],
       [-0.17896247],
       [-5.72595584]]), 'f_values': array([0.45575928, 2.57261522, 2.08871662, 1.88330192, 0.9412397 ]), 'tau_values': array([[-0.17896247, -5.72595584, -0.08500565, -5.72595587, -0.35742265,
        -0.04630399, -0.17896247, -5.72595584],
       [-0.17896247, -5.72595584, -0.08500565, -5.72595587, -0.35742265,
        -0.04630399, -0.17896247, -5.72595584],
       [-0.17896247, -5.72595584, -0.08500565, -5.72595587, -0.35742265,
        -0.04630399, -0.17896247, -5.72595584],
       [-0.17896247, -5.72595584, -0.08500565, -5.72595587, -0.35742265,
        -0.04630399, -0.17896247, -5.72595584],
       [-0.17896247, -5.72595584, -0.08500565, -5.72595587, -0.35742265,
        -0.04630399, -0.17896247, -5.72595584]])}

Contents of models/linear_constraint_med_with_holding_cost_20_s6_10_202411261708.pkl:
{'alpha': array([0.24761297, 0.88229682, 1.88688135]), 'beta': array([[0.],
       [0.],
       [0.],
       [0.],
       [0.],
       [0.],
       [0.],
       [0.]]), 'f_values': array([0.45575928, 3.01030161, 2.66063054, 2.36647561, 0.9412397 ]), 'tau_values': array([[0., 0., 0., 0., 0., 0., 0., 0.],
       [0., 0., 0., 0., 0., 0., 0., 0.],
       [0., 0., 0., 0., 0., 0., 0., 0.],
       [0., 0., 0., 0., 0., 0., 0., 0.],
       [0., 0., 0., 0., 0., 0., 0., 0.]])}

